$ 1 0.000005 10.20027730826997 50 5 43 5e-11
f 672 352 672 432 32 1.5 0.02
g 656 432 656 496 0 0
r 688 432 816 432 0 100
r 816 432 816 240 0 10000
R 816 240 816 160 0 0 40 5 0 0 0.5
S 672 352 672 240 0 1 false 0 2
R 656 240 656 160 0 0 40 5 0 0 0.5
g 720 240 720 304 0 0
w 688 240 720 240 0
w 816 432 1056 432 2
f 1200 352 1200 432 40 1.5 0.02
r 1056 432 1184 432 0 100
g 1248 432 1248 496 0 0
R 1760 96 1760 16 0 0 40 3.3 0 0 0.5
S 1776 208 1776 96 0 1 false 0 2
w 1200 352 1248 352 2
w 1216 432 1248 432 0
w 1248 352 1488 352 0
s 1648 352 1776 352 0 1 true
r 1648 304 1648 208 0 10000
w 1776 208 1648 208 1
g 1856 96 1856 144 0 0
w 1792 96 1856 96 0
w 1648 304 1648 352 0
w 1648 352 1488 352 0
162 1392 432 1472 432 2 default-led 1 0 0 0.01
R 1392 432 1392 368 0 0 40 3.3 0 0 0.5
f 1488 352 1488 432 40 1.5 0.02
g 1504 432 1504 496 0 0
R 1776 352 1776 272 0 0 40 3.3 0 0 0.5
R 1632 896 1632 816 0 0 40 3.3 0 0 0.5
g 1360 976 1360 1040 0 0
f 1344 896 1344 976 40 1.5 0.02
R 1248 976 1248 912 0 0 40 3.3 0 0 0.5
162 1248 976 1328 976 2 default-led 1 0 0 0.01
w 1504 896 1344 896 0
w 1504 848 1504 896 0
w 1648 640 1712 640 0
g 1712 640 1712 688 0 0
w 1632 752 1504 752 1
r 1504 848 1504 752 0 10000
s 1504 896 1632 896 0 1 true
w 1104 896 1344 896 0
w 1072 976 1104 976 0
w 1056 896 1104 896 2
S 1632 752 1632 640 0 1 false 0 2
R 1616 640 1616 560 0 0 40 3.3 0 0 0.5
g 1104 976 1104 1040 0 0
r 880 976 1008 976 0 100
f 1056 896 1056 976 40 1.5 0.02
w 672 976 880 976 2
r 1008 976 1008 784 0 10000
R 1008 784 1008 720 0 0 40 3.3 0 0 0.5
w 1008 976 1040 976 0
