$ 1 0.000005 25.510281670702206 62 5 43 5e-11
v 96 304 96 208 0 0 40 6 0 0 0.5
v 96 208 96 112 0 0 40 4 0 0 0.5
v 96 112 96 16 0 0 40 5 0 0 0.5
c 224 64 224 160 0 0.00001 3.7080609906875255 0.001
c 224 160 224 256 0 0.00001 5.613492993532142 0.001
w 96 16 144 16 0
w 144 112 144 80 0
w 144 16 144 48 0
w 144 208 144 176 0
w 144 112 144 144 0
w 144 304 144 272 0
w 144 208 144 240 0
r 96 304 144 304 0 1000
r 96 208 144 208 0 1000
r 96 112 144 112 0 1000
s 144 48 208 48 0 1 false
s 144 80 208 80 0 0 false
s 144 144 208 144 0 1 false
s 144 176 208 176 0 0 false
s 144 240 208 240 0 1 false
s 144 272 208 272 0 0 false
w 224 256 208 240 0
w 208 272 224 256 0
w 208 176 224 160 0
w 224 160 208 144 0
w 208 80 224 64 0
w 224 64 208 48 0
403 384 80 512 144 0 3_64_0_4099_5_0.00078125_-1_2_3_3
403 384 192 512 256 0 4_64_0_4099_10_0.0015625_-1_2_4_3
c 320 64 320 256 0 0.00001 9.073225507353152 0.001
w 224 64 320 64 0
403 560 144 688 208 0 29_64_0_4099_10_0.003125_-1_2_29_3
r 224 256 320 256 0 1000
p 32 16 32 112 3 0 0
w 32 16 96 16 0
w 32 112 96 112 0
p 32 112 32 208 3 0 0
p 32 208 32 304 3 0 0
w 32 208 96 208 0
w 96 304 32 304 0
